54873823
35887181
18404410
13316328
52765957
46194329
40645629
36645972
3462
354520
38919266
3873328
522471
12813860
43758
828015
43565369
8089
298230
22836575
13325079
27209486
50033
45755173
11138172
153540
54698058
57569796
6449920
49047293
18054071
853233
3552023
44660928
15764032
40877706
33396914
32848471
40032339
53341603
53137992
54304166
581409
34594982
40961543
71868
10859509
17134589
10137823
22341276
1430
129117
7124053
57195801
18222556
24638201
29975458
34236194
311150
50818439
49811667
13137
50644565
18465852
44527740
6351939
2836109
29102896
132900
20409231
33155334
18829666
20706284
16424
17125
43514655
9531
16303
55825273
33572350
2153427
20818790
7091370
3678651
562930
18812437
55920637
28691896
25147754
28110143
6424171
44569767
29346870
37514017
18310467
40599820
17383934
45154765
38898759
52141020
53131744
49644532
11958033
13152287
15993203
54479197
55359022
26115279
31307650
34964864
25255576
19156898
30741918
24397043
21874813
50930390
381489
2029177
761381
464164
6642715
41193
12640991
32324555
23922381
18809475
52950904
13576494
25761329
21418013
8527904
36989216
18105011
8811139
51220325
18593175
11381643
17302495
113791
714571
77727
26860475
40590407
161099
20618110
97898
25063750
21457243
39182872
26245098
56791359
41016483
43365035
41952489
48667034
40009804
45859105
56898303
36260155
44426058
50898151
8665876
52024847
204042
32620349
56461570
13517535
36579299
40944461
48889985
6420
77699
21671
42202117
1128364
7849341
40189
56894456
16075962
7507908
49997061
250924
6433752
8477057
33989585
28249
17731927
44285117
183274
77566
50356574
49933606
46107869
26050845
4516
56732451
3474186
56269002
7876139
773507
56233936
20613491
23592175
25184383
36425796
10637697
7008041
52658303
49490550
16527
52696938
32600726
42262526
34897
52576333
53916522
56625098
42117382
26722820
23666139
42201864
36373464
20662728
153008
121877
22864842
25499718
12930909
23278532
17332564
30237404
659469
16181630
46127757
48613168
6217361
791345
40648401
15513156
11742691
29749098
43721070
34275212
25882558
16078584
13413589
12109772
153781
27000
76334
6905534
7202841
11260526
13513205
14990
11901
1963638
33652490
24382227
17797364
37693552
56060300
54369251
64216
6365221
196970
43339
1301153
41044147
64222
6686101
85993
15994634
40864829
22929563
38636043
531350
35066358
38486
28818628
159666
40258215
259836
11262424
15793184
7060582
16134782
13132661
22367526
43319716
33810737
44797223
33643772
157055
1633
581811
30971706
10508431
35098412
15768119
27272506
22445886
7468160
8573632
13533650
36098092
10428803
36146624
64863
6368610
13531561
248470
2246833
43520622
41735449
41712479
50743767
2626492
43594271
3047849
8600
23129410
33585540
11288619
52516011
25334576
13927
32333174
32106
25573977
51946033
37168303
16240734
